image: orchard_v2_map6.pgm
resolution: 0.050000
origin: [-88.800, -89.100000, 0.000000]
negate: 0
occupied_thresh: 0.65
free_thresh: 0.196
